Finished merge benchmark.Sequential merge vs segment merge at p = 1, 3 and 6. 100 Iterations (Runtimes in ns)
Size                          Sequential                   p = 1                   p = 3                   p = 6
1000                            7,354.21               19,657.84               21,228.07               22,668.18
2000                            7,594.20               24,069.79               25,529.98               26,668.52
4000                           14,444.46               32,265.63               31,687.24               33,304.21
8000                           30,129.89               43,720.22               44,862.44               47,630.77
16000                          58,982.66               86,175.49               89,409.63               84,677.68
32000                         141,237.99              139,617.03              120,049.03              121,030.86
64000                         308,524.24              253,008.40              185,413.64              183,205.40
128000                        481,074.57              462,406.53              310,079.02              264,174.21
256000                        950,820.13              915,771.94              462,556.83              422,433.58
512000                      1,945,846.50            1,845,162.70              778,392.42              662,295.19
1024000                     3,904,873.84            3,628,416.87            1,404,127.42            1,059,767.00
2048000                     7,526,484.72            7,190,507.58            2,654,089.30            1,753,303.91
4096000                    14,482,747.74           14,151,839.87            5,070,318.92            3,144,513.60
8192000                    28,630,446.69           28,260,513.26            9,971,286.22            5,963,673.02
16384000                   57,021,269.13           56,717,144.84           19,809,737.73           11,978,811.23
32768000                  113,257,554.14          112,610,469.13           40,447,969.08           23,329,373.14
65536000                  226,555,577.93          224,752,158.31           83,835,144.65           48,373,689.57

Finished sort benchmark.Basic merge sort vs fully parallel merge sort at 1, 3 and 6 threads. 100 Iterations (Runtimes in ns)
Size                               Basic                   p = 1                   p = 3                   p = 6
1000                          341,305.08              783,112.41              597,800.50            1,210,196.10
2000                          532,155.46            1,050,338.17            1,487,509.84            1,622,919.43
4000                          803,886.70            1,780,923.80            2,594,177.13            2,748,050.00
8000                        1,487,358.68            4,155,017.31            4,956,358.45            5,916,337.40
16000                       3,306,609.18            8,081,513.05           10,308,916.41           11,745,095.80
32000                       6,641,293.82           15,744,836.69           20,363,533.77           23,852,442.54
64000                      22,022,028.93           32,242,158.20           40,478,581.12           46,174,935.70
128000                     46,736,987.15           66,610,289.15           86,745,025.38           92,997,020.42
256000                     93,516,216.06          138,942,535.17          185,156,531.72          193,871,103.85
512000                    183,389,534.63          297,186,024.75          400,323,352.24          438,895,470.57
1024000                   378,645,572.81          632,450,019.98          854,717,351.09          944,499,352.57
2048000                   786,312,971.07        1,385,186,134.58        1,918,942,416.73        2,049,096,699.26
4096000                 1,693,524,358.96        3,053,034,044.77        4,097,646,020.98        4,554,639,569.30