Sequential merge vs segment merge at p = 1, 3 and 6. (Runtimes in ns)
100 Iterations        Sequential                   p = 1                   p = 3                   p = 6
SIZE: 1000              4,549.00               21,581.00               22,364.00               24,937.99
SIZE: 2000              8,733.00               26,392.00               27,489.00               28,098.00
SIZE: 4000             14,570.00               37,691.00               40,833.99               41,911.99
SIZE: 8000             29,505.97               51,089.00               57,867.00               63,353.99
SIZE: 16000            60,817.96               95,987.00               97,639.99              104,431.98
SIZE: 32000           145,206.97              228,855.97              166,242.99              150,945.98
SIZE: 64000           324,582.89              380,351.95              274,045.98              264,780.96
SIZE: 128000          480,213.87              520,458.91              341,049.97              413,430.98
SIZE: 256000          959,885.72            1,017,529.90              513,251.76              463,952.99
SIZE: 512000        1,976,714.19            2,014,223.99              871,384.05              747,596.02
SIZE: 1024000       3,897,695.28            3,972,168.39            1,564,558.57            1,140,675.97

Basic merge sort vs fully parallel merge sort at 1, 3 and 6 threads. (Runtimes in ns)
100 Iterations             Basic                   p = 1                   p = 3                   p = 6
SIZE: 1000            430,887.96              643,986.88              792,169.93              935,613.97
SIZE: 2000          1,102,411.86            1,108,595.78            1,364,749.52            1,517,844.97
SIZE: 4000          1,938,264.84            2,175,214.64            2,512,894.50            3,022,072.78
SIZE: 8000          4,025,903.62            4,381,387.08            5,650,882.18            6,059,369.16
SIZE: 16000         6,791,123.38            9,289,519.10           11,754,146.12           12,968,480.21
SIZE: 32000        12,145,672.75           19,575,168.88           25,205,902.32           27,403,187.77
SIZE: 64000        24,863,858.32           40,371,428.91           53,018,224.41           58,597,743.02
SIZE: 128000       50,458,422.88           87,073,533.04          117,341,698.59          126,845,161.98
SIZE: 256000       97,799,687.06          185,172,547.62          243,044,883.56          273,514,640.90